12月4日 200000 10000 190000
12月5日 208000 5000 203000
12月6日 204000 10000 194000
03月25日 200000 15000 185000
03月25日 196000 20000 176000
03月25日 192000 21000 171000
03月25日 187000 26000 161000
03月25日 189000 25000 164000
03月25日 184000 20000 164000
03月25日 181000 17100 163900
03月25日 184300 19300 165000
03月25日 183200 20400 162800
03月25日 182100 21500 160600
03月25日 181000 22600 158400
03月25日 179000 18600 160400
03月25日 177600 20100 157500
03月25日 178600 12100 166500
03月25日 183600 5100 178500
03月25日 187600 1100 186500
03月25日 185600 4100 181500
03月25日 187100 8100 179000
03月25日 192100 6100 186000
